1 0.658691709539
1 0.668295358332
1 0.747226553825
1 0.666407264436
1 0.664395993733
1 0.719536157056
1 0.675552143948
1 0.850109901241
1 0.725269551585
1 0.630716855344
1 0.671356380672
1 0.669078384979
1 0.680146857624
1 0.705380720483
1 0.722788692639
1 0.762868415424
1 0.767676845369
1 0.693728337798
1 0.726128004717
1 0.401693953384
2 0.574409537058
2 0.769984181767
2 0.696365230536
2 0.93029672707
2 0.727760263704
2 0.699017801448
2 0.74180546783
2 0.757860155073
2 0.678288910844
2 0.813900606178
2 0.627440050727
2 0.534333127164
2 0.90758094983
2 0.845205764503
2 0.556464196566
2 0.668790527317
2 0.631986030579
2 0.688464531164
2 0.652099322887
2 0.651003355678
3 0.701613542406
3 0.78597062289
3 0.779272766485
3 0.84081434375
3 0.826313330591
3 0.680844895288
3 0.762510271993
3 0.701939719685
3 0.76414385386
3 0.633826429395
3 0.620639034892
3 0.802274567921
3 0.527003416448
3 0.716669043862
3 0.905506753463
3 0.780205075151
3 0.478839684767
3 0.469052865837
3 0.732101324748
3 0.896275794938
4 0.663979248529
4 0.720686479693
4 0.888632808144
4 0.615405590502
4 0.745696856302
4 0.642062945787
4 0.798220491478
4 0.693799670425
4 0.799804358942
4 0.691265983497
4 0.765741445769
4 0.697161172719
4 0.70084041563
4 0.642377246161
4 0.735616383539
4 0.654271217252
4 0.552832737252
4 0.593747225636
4 0.730270672208
4 0.649072401887
5 0.534556773554
5 0.9058753329
5 0.814841740669
5 0.586622267426
5 0.665623906596
5 0.888613369286
5 0.896294722475
5 0.697168031037
5 0.691049927839
5 0.788003832927
5 0.52848377084
5 0.748053469622
5 0.683184559939
5 0.712813362844
5 0.818208577882
5 0.640338483768
5 0.904941684896
5 0.856513239781
5 0.830610985886
5 0.634293219612
6 0.589347698652
6 0.739198922503
6 0.519068161276
6 0.91313574628
6 0.658090494484
6 0.62456499072
6 0.59744355134
6 0.746769043892
6 0.629664130333
6 0.66327463831
6 0.627007150786
6 0.750381859093
6 0.761429760987
6 0.811004274923
6 0.693623050953
6 0.664552953311
6 0.604509695545
6 0.745950079938
6 0.816978979034
6 0.727140823427
7 0.598323743602
7 0.653878036587
7 0.708506369561
7 0.714395334084
7 0.731790031167
7 0.658664976037
7 0.764701889952
7 0.770674955278
7 0.826589161554
7 0.619101799669
7 0.704886608444
7 0.592281282734
7 0.770737680744
7 0.712887479261
7 0.609095269054
7 0.639969482416
7 0.813541609274
7 0.743701850046
7 0.675090166724
7 0.525702762455
8 0.668503542575
8 0.74778754322
8 0.702342072
8 0.617279224824
8 0.652738534507
8 0.52316500691
8 0.683810608695
8 0.658952093813
8 0.637133422007
8 0.760360895161
8 0.834171112821
8 0.62026501438
8 0.940069842869
8 0.763252509834
8 0.828813468007
8 0.691597498037
8 0.803595872477
8 0.870281698304
8 0.57506029474
8 0.740172001713
9 0.794195919751
9 0.695386411793
9 0.819935843105
9 0.680467938718
9 0.434484645356
9 0.719925812608
9 0.693006692556
9 0.575177815344
9 0.750951170672
9 0.679402021328
9 0.602965367038
9 0.517178141977
9 0.874903032012
9 0.750885965146
9 0.634586402342
9 0.878348991203
9 0.654907636942
9 0.633325587092
9 0.63983450678
9 0.736232855769
10 0.806518486517
10 0.733764296834
10 0.747534456824
10 0.774175296775
10 0.749612652821
10 0.731324604001
10 0.738864027126
10 0.751153907237
10 0.751617658525
10 0.710550484725
10 0.677523433935
10 0.783747817916
10 0.735253025906
10 0.709267911927
10 0.697804703759
10 0.752584774242
10 0.433153810801
10 0.668750311572
10 0.589781104253
10 0.551225842534
11 0.690048809627
11 0.763889193218
11 0.722354312785
11 0.679487384662
11 0.820450906156
11 0.672372278436
11 0.787508110141
11 0.630190431871
11 0.770451691527
11 0.747306395924
11 0.782468214386
11 0.689607508171
11 0.652973390338
11 0.591986991839
11 0.805154023511
11 0.74514514494
11 0.692393312374
11 0.761999523755
11 0.789177412497
11 0.634898373951
12 0.605150719776
12 0.695586733777
12 0.818340547143
12 0.761863702439
12 0.737514392266
12 0.547886995884
12 0.425784744007
12 0.641241722992
12 0.796993219959
12 0.634546091456
12 0.880485207337
12 0.668587243544
12 0.874497690134
12 0.684519651738
12 0.767018221252
12 0.676292555665
12 0.689025032669
12 0.758133188647
12 0.757372007026
12 0.755270750073
13 0.809470779435
13 0.636253788627
13 0.77393447375
13 0.560854304943
13 0.663921210741
13 0.71322567103
13 0.934713707017
13 0.670706505442
13 0.64247053448
13 0.607035941499
13 0.738452211387
13 0.791689434947
13 0.622609627883
13 0.614755852905
13 0.57694641321
13 0.664420245031
13 0.797030982577
13 0.507690160088
13 0.770444676367
13 0.848950141208
14 0.507362346329
14 0.785972700843
14 0.774851496676
14 0.661717331937
14 0.558965088624
14 0.78527952802
14 0.835713884992
14 0.584855151255
14 0.760764830614
14 0.787741016979
14 0.698310701737
14 0.749199078601
14 0.723455850378
14 0.729579303252
14 0.662433305285
14 0.724666070676
14 0.774861545693
14 0.584875502418
14 0.735012282766
14 0.794287443438
15 0.689104320661
15 0.598387654523
15 0.774241120332
15 0.493934653001
15 0.666734943583
15 0.770940354346
15 0.687784052024
15 0.5676541002
15 0.733763753955
15 0.684388683433
15 0.797098948048
15 0.656279636236
15 0.63280231228
15 0.718673470964
15 0.778658474333
15 0.711272960301
15 0.629952537643
15 0.555477836903
15 0.747675434185
15 0.783737939619
16 0.688905765621
16 0.727747387045
16 0.611130458474
16 0.70460614511
16 0.761182192628
16 0.632401843063
16 0.728005674691
16 0.612695899959
16 0.987514284247
16 0.72897231985
16 0.632936136786
16 0.695180866459
16 0.775432087633
16 0.634182492302
16 0.746044390464
16 0.724358011391
16 0.667875265052
16 0.636640771907
16 0.51680254145
16 0.704676111774
17 0.706472486666
17 0.472033391666
17 0.834109861918
17 0.742615409361
17 0.784691625212
17 0.769324154662
17 0.654215702075
17 0.567191882893
17 0.610725789131
17 0.676387564194
17 0.738715966902
17 0.679769169344
17 0.753217849535
17 0.64554138035
17 0.663481206077
17 0.709098111562
17 0.56566041435
17 0.79610663114
17 0.552201159687
17 0.64663531288
18 0.879650926121
18 0.675069233345
18 0.839433354301
18 0.871775497995
18 0.687634572817
18 0.520148202789
18 0.648131966133
18 0.694672408688
18 0.578312435115
18 0.611365237689
18 0.800270358044
18 0.875174512754
18 0.643664919551
18 0.784018312103
18 0.732342356933
18 0.595493718162
18 0.668063021742
18 0.66159169994
18 0.538277370045
18 0.619867146075
19 0.673785818105
19 0.710104014967
19 0.756246745358
19 0.634940656099
19 0.793679946905
19 0.768231970097
19 0.622058339005
19 0.818464123189
19 0.535261809791
19 0.614234477349
19 0.579210345729
19 0.75366879407
19 0.785080490213
19 0.779554650984
19 0.801302398688
19 0.644381795144
19 0.823494903521
19 0.58390492384
19 0.875969444578
19 0.780088464936
20 0.806223263404
20 0.700929107836
20 0.803659316222
20 0.75812832148
20 0.692052724704
20 0.704321682914
20 0.761023664934
20 0.483365559429
20 0.918631874458
20 0.676705821574
20 0.675587382022
20 0.741858944258
20 0.765693999567
20 0.794757891508
20 0.701664586342
20 0.575544054995
20 0.515253037457
20 0.760822910751
20 0.757733444413
20 0.704127688923
21 0.844377659971
21 0.645866672186
21 0.619255029573
21 0.649282216129
21 0.662229716881
21 0.813638765432
21 0.698774772795
21 0.671642615567
21 0.59117079811
21 0.837828936275
21 0.759821545142
21 0.545648975305
21 0.73886213027
21 0.56981245979
21 0.694513615523
21 0.777033902727
21 0.664549756001
21 0.93537406641
21 0.699657260943
21 0.503361585233
22 0.697626335422
22 0.741484557599
22 0.572000782288
22 0.461089566817
22 0.792782383495
22 0.765799453913
22 0.952029750696
22 0.754682413012
22 0.692200605989
22 0.934937664639
22 0.8536952242
22 0.789732298643
22 0.747109352232
22 0.695264203234
22 0.652126308247
22 0.564928711608
22 0.671686273479
22 0.753611032971
22 0.757370866842
22 0.780020604698
23 0.835404508873
23 0.859008438355
23 0.715857531044
23 0.692726894786
23 0.688882384429
23 0.664447716985
23 0.769375333545
23 0.812578550629
23 0.654099460531
23 0.617870111621
23 0.796759393027
23 0.750478028152
23 0.755804392641
23 0.883432461271
23 0.481620315155
23 0.509768859203
23 0.666221154085
23 0.837821699888
23 0.743525931741
23 0.851039558848
24 0.758871173321
24 0.603397432143
24 0.607856449392
24 0.464091750682
24 0.761646048956
24 0.670218970676
24 0.823105389533
24 0.602890470535
24 0.657312767685
24 0.648718397646
24 0.789271916421
24 0.654994801268
24 0.690258574954
24 0.665518156771
24 0.797158560121
24 0.764941720413
24 0.802892258093
24 0.63652974045
24 0.718454295594
24 0.710556614908
25 0.913882136993
25 0.644973237845
25 0.66165293576
25 0.718283521622
25 0.652499517836
25 0.732065747755
25 0.760883530602
25 0.662845671203
25 0.900828125917
25 0.768155734466
25 0.760173354629
25 0.713220627686
25 0.84886730525
25 0.649656695413
25 0.504817223262
25 0.560662515322
25 0.763955595201
25 0.674729134559
25 0.817766695522
25 0.670462837473
26 0.530939249087
26 0.777882428609
26 0.467139405949
26 0.806260506013
26 0.724341618688
26 0.715601442242
26 0.723385045157
26 0.672824107533
26 0.645957831951
26 0.757193422739
26 0.727140097052
26 0.856626694127
26 0.664169531221
26 0.762751899453
26 0.6267295077
26 0.691740252089
26 0.542116817876
26 0.653059317668
26 0.66797287634
26 0.651397273461
27 0.665531539612
27 0.642791396571
27 0.785673996339
27 0.904159669052
27 0.600965069994
27 0.627631840578
27 0.821613085657
27 0.69833431504
27 0.699882985094
27 0.806487616841
27 0.726455852541
27 0.744980409227
27 0.573160020824
27 0.650879081794
27 0.643407193694
27 0.847670124261
27 0.640640492287
27 0.64128696013
27 0.724187701425
27 0.667691808907
28 0.8184990273
28 0.701970623739
28 0.612602298682
28 0.801859880172
28 0.668147789276
28 0.873667448032
28 0.660908711005
28 0.683547336073
28 0.693745786651
28 0.56626340585
28 0.652603110945
28 0.57006749783
28 0.799037670237
28 0.614111886588
28 0.807758899776
28 0.888172626883
28 0.845158348311
28 0.695238643919
28 0.706616877538
28 0.878294867885
29 0.685355650818
29 0.789270956191
29 0.6552991495
29 0.487612870934
29 0.739329691232
29 0.570390305147
29 0.584723352925
29 0.762237291371
29 0.729764558586
29 0.860746563005
29 0.809169724636
29 0.802239794488
29 0.68864897403
29 0.570404629623
29 0.728374592345
29 0.59362986929
29 0.734936685159
29 0.72121137475
29 0.491968628269
29 0.749359601869
30 0.892454130016
30 0.651782646582
30 0.891227892149
30 0.744071145436
30 0.897206074148
30 0.546413381944
30 0.816762485647
30 0.625951857954
30 0.786906368465
30 0.797016904908
30 0.737425612181
30 0.680681488452
30 0.489255550969
30 0.69900291954
30 0.859603731777
30 0.621330065763
30 0.634925935115
30 0.560909007821
30 0.555204518946
30 0.803903967196
31 0.694704117575
31 0.803081538394
31 0.721217099303
31 0.648865084005
31 0.592579195445
31 0.833290018606
31 0.595355953516
31 0.893160844638
31 0.536142634668
31 0.588622968673
31 0.82550730233
31 0.774987914378
31 0.664407226698
31 0.692724254358
31 0.610904109144
31 0.657972707081
31 0.76630225727
31 0.730310749367
31 0.726585747218
31 0.778400542793
32 0.655812631673
32 0.614672354468
32 0.688932692654
32 0.56119192118
32 0.765291875034
32 0.63889390981
32 0.644063015296
32 0.628427239005
32 0.650939047988
32 0.578455509137
32 0.515023776869
32 0.780257810619
32 0.5852835452
32 0.805950485827
32 0.616281678484
32 0.616382949439
32 0.8224218311
32 0.526360499872
32 0.745985928589
32 0.686923611488
33 0.650824813953
33 0.725408813992
33 0.746809171948
33 0.642073924824
33 0.543019423099
33 0.820373007763
33 0.705448015785
33 0.66908669004
33 0.820759439212
33 0.817438539004
33 0.726168893689
33 0.490885475597
33 0.659849421632
33 0.841009261857
33 0.671834563856
33 0.573359178384
33 0.63801782389
33 0.669830362877
33 0.53657755699
33 0.703407907359
34 0.604382724737
34 0.915714497381
34 0.815371833472
34 0.514687793689
34 0.640600286067
34 0.707633610849
34 0.779421382691
34 0.806984086213
34 0.937665634192
34 0.783235615816
34 0.735524290191
34 0.662865400463
34 0.734232072512
34 0.64139363829
34 0.941058533871
34 0.818280933659
34 0.829403738311
34 0.607816195472
34 0.741374015235
34 0.743557739318
35 0.946607295483
35 0.622524770415
35 0.740397093568
35 0.728213696012
35 0.678094234331
35 0.671017942275
35 0.587660552945
35 0.92161970207
35 0.687037688338
35 0.664876532506
35 0.678077292837
35 0.716872801677
35 0.551481326964
35 0.636582793319
35 0.826950955223
35 0.650092433527
35 0.726638479784
35 0.762007675131
35 0.804469588637
35 0.763468955088
36 0.743804447309
36 0.695019447663
36 0.847772528285
36 0.789007473463
36 0.721508859444
36 0.597014973116
36 0.692542776604
36 0.710722125949
36 0.629195728142
36 0.703850448436
36 0.65518557447
36 0.554213006051
36 0.643265064918
36 0.631453492954
36 0.717935052867
36 0.75398651709
36 0.949854570526
36 0.719836598164
36 0.707221255421
36 0.728199824629
37 0.750134770301
37 0.731995305369
37 0.658290879391
37 0.725159209566
37 0.54640806086
37 0.744488429458
37 0.609070858043
37 0.54303908883
37 0.786854974802
37 0.680163664396
37 0.641611260385
37 0.687695023218
37 0.73604671722
37 0.548510514317
37 0.556356524454
37 0.623197356261
37 0.562050274875
37 0.730687319023
37 0.63708281521
37 0.777564286024
38 0.587627632332
38 0.688937537936
38 0.838847327898
38 0.438130934474
38 0.63782626491
38 0.663905939611
38 0.581524678169
38 0.754355816254
38 0.685508041561
38 0.624568034265
38 0.502442239104
38 0.80938152918
38 0.820982480375
38 0.738657941711
38 0.911243136432
38 0.626342881601
38 0.680458925273
38 0.717238563409
38 0.686287740024
38 0.532807757824
39 0.877834023975
39 0.642339632071
39 0.799560691091
39 0.805761691469
39 0.675999466614
39 0.628438269086
39 0.717654433062
39 0.838790261131
39 0.600596151242
39 0.714896507296
39 0.702112652848
39 0.609028853051
39 0.820186046667
39 0.598624410275
39 0.675266106833
39 0.578628949011
39 0.700253623957
39 0.611004022442
39 0.7610464325
39 0.68808830512
40 0.601835278327
40 0.586628421929
40 0.737468934274
40 0.732117654139
40 0.770486054531
40 0.759919062655
40 0.578426348975
40 0.701581963055
40 0.683904570604
40 0.647580961373
40 0.715170421499
40 0.578985846597
40 0.790066941128
40 0.620369885247
40 0.67524778426
40 0.619739035062
40 0.537444272446
40 0.752575619507
40 0.650855383257
40 0.634681294532
41 0.75620644805
41 0.75659989096
41 0.816614651794
41 0.758430562723
41 0.73167068982
41 0.64687410464
41 0.761212672049
41 0.605401090929
41 0.476688230617
41 0.723146976907
41 0.909387041129
41 0.690744593365
41 0.641610372874
41 0.611803284606
41 0.834013293297
41 0.838328395846
41 0.767360005687
41 0.869614149984
41 0.776635802746
41 0.869553083701
42 0.956464067329
42 0.604010515154
42 0.655514528806
42 0.636762994298
42 0.66927144483
42 0.65090406944
42 0.766247192498
42 0.779484563733
42 0.713837147395
42 0.694417859243
42 0.616116920246
42 0.843470210799
42 0.555426257402
42 0.824006835062
42 0.735680370572
42 0.666034879542
42 0.819975332648
42 0.702144014895
42 0.537270337435
42 0.640401648893
43 0.708231664195
43 0.575848802426
43 0.700467391627
43 0.7660332419
43 0.569954702836
43 0.603764637272
43 0.699193599384
43 0.869801074855
43 0.640354699646
43 0.735204624246
43 0.634519618964
43 0.651670536201
43 0.729792444714
43 0.763292119011
43 0.554175379628
43 0.545190375623
43 0.714106453855
43 0.830799496975
43 0.508826194484
43 0.701874902149
44 0.722423812509
44 0.741272697173
44 0.565791507308
44 0.721174509135
44 0.76481915163
44 0.769781817983
44 0.511302787158
44 0.77304061828
44 0.708762425101
44 0.748871430179
44 0.801767515881
44 0.754080085193
44 0.625434327501
44 0.638185262361
44 0.657928205217
44 0.560796338408
44 0.735016486006
44 0.794991524336
44 0.583039164222
44 0.667385888822
45 0.56777636639
45 0.60414547896
45 0.63907354301
45 0.580785416589
45 0.772637549614
45 0.659580933941
45 0.685431525476
45 0.783135566357
45 0.613521656047
45 0.704371347498
45 0.538040870824
45 0.902653078931
45 0.868001840024
45 0.6386707208
45 0.724815989685
45 0.541154000567
45 0.842055846491
45 0.841596466076
45 0.896624891796
45 0.844091528376
46 0.59753575287
46 0.654975649097
46 0.683361462404
46 0.781864403139
46 0.813410228056
46 0.665545294579
46 0.799926815572
46 0.662559409383
46 0.796931765423
46 0.594557680316
46 0.764812057157
46 0.567052497386
46 0.65128748828
46 0.838610664124
46 0.639622526887
46 0.767656680995
46 0.712812621888
46 0.704386952447
46 0.709657715621
46 0.653766169059
47 0.79393107644
47 0.502948379151
47 0.588828440727
47 0.659231152672
47 0.833791090653
47 0.817462592203
47 0.798598848097
47 0.685141438525
47 0.816381900549
47 0.74125785507
47 0.710172843491
47 0.580762319367
47 0.91416811802
47 0.734942441609
47 0.692588318283
47 0.86723909688
47 0.800769070002
47 0.659042067921
47 0.58441523387
47 0.71457771413
48 0.687564378063
48 0.789434715959
48 0.684068662756
48 0.758058134425
48 0.731927454208
48 0.720735456959
48 0.681178872183
48 0.70439631419
48 0.684508769032
48 0.771196378509
48 0.462763607636
48 0.806978778921
48 0.548842923734
48 0.706471674009
48 0.753556247443
48 0.52445032869
48 0.837829899253
48 0.656518196834
48 0.729176189563
48 0.691774896957
49 0.60820352032
49 0.641550900533
49 0.762556659377
49 0.643950975107
49 0.661505705062
49 0.663109067317
49 0.836301980857
49 0.683241505562
49 0.592527681565
49 0.633797954128
49 0.860005633261
49 0.759157569801
49 0.696884160932
49 0.657787066753
49 0.528333311283
49 0.562441993953
49 0.630953634752
49 0.705923560156
49 0.6648016803
49 0.683682679664
50 0.791059157316
50 0.628278106639
50 0.753385751749
50 0.78010351689
50 0.597636353057
50 0.696157136864
50 0.892238916122
50 0.763315152282
50 0.627453182906
50 0.59740141396
50 0.441512414199
50 0.842490817889
50 0.720842409871
50 0.577746712913
50 0.846848876368
50 0.829188106262
50 0.464202321191
50 0.558888084214
50 0.725705004774
50 0.614702421789
51 0.780939195853
51 0.731411724952
51 0.771514441847
51 0.719090971788
51 0.79124252567
51 0.713370087383
51 0.567496139316
51 0.853953313041
51 0.769274155874
51 0.594769943999
51 0.710022277921
51 0.688871806919
51 0.696985111461
51 0.753708138586
51 0.732892691903
51 0.778324762228
51 0.652269979936
51 0.654021377941
51 0.741715917039
51 0.631500048779
52 0.730838191391
52 0.683069229067
52 0.629599982218
52 0.586191618195
52 0.667402171925
52 0.563921819905
52 0.744080565142
52 0.655584118911
52 0.872774802341
52 0.825318239102
52 0.784068075164
52 0.582152883134
52 0.692419607962
52 0.721319363751
52 0.660773599955
52 0.61212458813
52 0.793023478334
52 0.68351517227
52 0.706271015734
52 0.988581087738
53 0.681517890828
53 0.749974142473
53 0.738369921614
53 0.829689525568
53 0.659277368591
53 0.607773629445
53 0.510353342012
53 0.90206941359
53 0.6173130554
53 0.66910275704
53 0.812123058007
53 0.720174181502
53 0.854020045631
53 0.736980821631
53 0.853827943582
53 0.904279717691
53 0.82256553785
53 0.728342753137
53 0.705156742201
53 0.760718924517
54 0.751275146834
54 0.764688407152
54 0.672863296331
54 0.697054189699
54 0.619663243359
54 0.605612722117
54 0.801817385549
54 0.631760521703
54 0.686771291479
54 0.733918642144
54 0.874263086636
54 0.724739008966
54 0.555595907729
54 0.817163973317
54 0.569981231798
54 0.885397208929
54 0.721194254297
54 0.736712558536
54 0.730946774556
54 0.574094171029
55 0.976933146484
55 0.90419894267
55 0.687208633759
55 0.507249186149
55 0.781211039198
55 0.631513739045
55 0.686657448052
55 0.705513694756
55 0.81676448918
55 0.745594319924
55 0.755754157398
55 0.635860103269
55 0.921625842449
55 0.692403909074
55 0.663951764335
55 0.684932019698
55 0.724879101436
55 0.661280180287
55 0.643101578735
55 0.649863935612
56 0.703574134318
56 0.426875532674
56 0.662490059183
56 0.623226476275
56 0.705005287229
56 0.858883102799
56 0.633958961608
56 0.533587334639
56 0.720525323913
56 0.799141929074
56 0.842892110133
56 0.586586446368
56 0.51016338857
56 0.720285151696
56 0.669488576051
56 0.570030407155
56 0.57980725428
56 0.828129780214
56 0.815822607007
56 0.803592221082
57 0.648560906708
57 0.728226894005
57 0.689113477223
57 0.617093657329
57 0.836701365071
57 0.802914808433
57 0.71630360489
57 0.445251395175
57 0.803476666805
57 0.711291962926
57 0.590353974175
57 0.574962657427
57 0.937851362046
57 0.613335656925
57 0.568937631875
57 0.614133856994
57 0.516823202191
57 0.787801096304
57 0.712312068738
57 0.581104177752
58 0.617081833531
58 0.834812236496
58 0.713019328046
58 0.759749037887
58 0.723879687838
58 0.815528856338
58 0.487587914071
58 0.615726794513
58 0.693029989265
58 0.731012808117
58 0.841239700494
58 0.786046385536
58 0.765584806197
58 0.656548771812
58 0.622276516069
58 0.741896563414
58 0.566100926326
58 0.73192207909
58 0.770716974966
58 0.711479283549
59 0.589671140658
59 0.686621008477
59 0.764365430222
59 0.507505920214
59 0.893042038029
59 0.685779058806
59 0.716260454457
59 0.834951118809
59 0.52591819136
59 0.819141352938
59 0.768770534615
59 0.67629760678
59 0.916471767559
59 0.692793067999
59 0.804056839772
59 0.628300418305
59 0.62451317849
59 0.712003598048
59 0.64311500703
59 0.754416591735
60 0.639172859231
60 0.663458007078
60 0.627754891118
60 0.696472776944
60 0.688238214749
60 0.721636831215
60 0.616536168264
60 0.506432017973
60 0.729672484566
60 0.580018237708
60 0.61747590651
60 0.646533526611
60 0.657392965064
60 0.798734796824
60 0.677469989732
60 0.739411690531
60 0.71246702654
60 0.660726853592
60 0.764013911709
60 0.495563733138
61 0.766517636518
61 0.530792527298
61 0.754641393899
61 0.755845520992
61 0.726687291665
61 0.797256492736
61 0.670119506826
61 0.849332628624
61 0.637166353483
61 0.711304850913
61 0.851868084182
61 0.669647942009
61 0.67081883582
61 0.815902020089
61 0.69237900607
61 0.675090996047
61 0.596617905709
61 0.808792113765
61 0.757764355582
61 0.60613012687
62 0.577865648263
62 0.587323724589
62 0.783622977727
62 0.813833781479
62 0.620295497366
62 0.87976990507
62 0.646547499791
62 0.685410133912
62 0.663672889692
62 0.695480623656
62 0.681467022305
62 0.842624689694
62 0.686517415457
62 0.571202888518
62 0.692672702065
62 0.528193905128
62 0.730397292562
62 0.65765458266
62 0.829331916773
62 0.642212567305
63 0.690718095097
63 0.637949094669
63 0.637994548038
63 0.89080614809
63 0.873485773511
63 0.580728014544
63 0.636270087922
63 0.838724045191
63 0.596864516858
63 0.603627335032
63 0.708024827972
63 0.581518918278
63 0.801709341762
63 0.735694871466
63 0.548794973332
63 0.655003967156
63 0.617559436212
63 0.829489987429
63 0.533713487359
63 0.87444969284
64 0.666246182622
64 0.79890405936
64 0.763250265175
64 0.594679759672
64 0.82020377469
64 0.626137018931
64 0.70282262106
64 0.76841181237
64 0.767711641285
64 0.627000535591
64 0.736530874497
64 0.795447670684
64 0.693241685556
64 0.651526392711
64 0.706640520668
64 0.756353438053
64 0.662082282491
64 0.606733880262
64 0.681029617399
64 0.757898452185
65 0.553721518335
65 0.710815949656
65 0.636884808622
65 0.70066368498
65 0.676556948871
65 0.766485566878
65 0.742627418495
65 0.817559914024
65 0.62436984017
65 0.646794760721
65 0.72191503052
65 0.612067708339
65 0.820665051486
65 0.64928821525
65 0.699899895766
65 0.677471067098
65 0.707392836154
65 0.746471639172
65 0.645668103392
65 0.746426010075
66 0.379050861678
66 0.73670150805
66 0.567448504719
66 0.715244899324
66 0.648965654037
66 0.799180944723
66 0.688241266821
66 0.647575417775
66 0.681156087463
66 0.55125774257
66 0.785545310714
66 0.656020120481
66 0.774816360722
66 0.591315229385
66 0.713713562165
66 0.655075623538
66 0.642135719744
66 0.747259686189
66 0.623241654616
66 0.634891967492
67 0.597898826588
67 0.693162527484
67 0.605311217622
67 0.751271058221
67 0.604777713854
67 0.786862388133
67 0.844577018518
67 0.750770303547
67 0.760916043286
67 0.670057123354
67 0.580723909023
67 0.78966115877
67 0.770298888159
67 0.783147573468
67 0.657536924805
67 0.77428007343
67 0.869584996023
67 0.897016727801
67 0.696537653198
67 0.664196782973
68 0.668200982121
68 0.626090624114
68 0.759273594691
68 0.682067126026
68 0.563934800635
68 0.725932798052
68 0.762647164114
68 0.632860957852
68 0.757263081957
68 0.776128176841
68 0.681850610573
68 0.584651329094
68 0.554193636679
68 0.955051080471
68 0.840210342578
68 0.555863508053
68 0.675240168761
68 0.53627415133
68 0.836459122656
68 0.673837618697
69 0.718805362142
69 0.585919819253
69 0.769216140822
69 0.815333889006
69 0.880251587409
69 0.741579308116
69 0.713606397983
69 0.840264641424
69 0.729050688885
69 0.557999867354
69 0.817443735759
69 0.750369007084
69 0.643710823303
69 0.813805216345
69 0.684259907018
69 0.841946514289
69 0.662911850592
69 0.724414394511
69 0.674651252484
69 0.556795745389
70 0.49600790363
70 0.7379000473
70 0.739982333759
70 0.758888142798
70 0.675598747925
70 0.621040441876
70 0.61080734862
70 0.853833381618
70 0.640587676591
70 0.620444024155
70 0.649282274687
70 0.771404069483
70 0.730022038739
70 0.644039186937
70 0.775883289449
70 0.445562741899
70 0.702760551159
70 0.87077131406
70 0.651405498446
70 0.839580156201
71 0.718959412703
71 0.693956976063
71 0.736769867298
71 0.832818460324
71 0.544435820424
71 0.763255362174
71 0.725243721713
71 0.867357699365
71 0.735744071464
71 0.708625172211
71 0.697393783829
71 0.630512244652
71 0.693706314528
71 0.772708683465
71 0.700488950409
71 0.747540270547
71 0.680514233709
71 0.893197852347
71 0.613728686341
71 0.771583375581
72 0.746922858264
72 0.687176087908
72 0.736752791837
72 0.641762430907
72 0.879151535072
72 0.511153996552
72 0.722386844315
72 0.808470046853
72 0.57137364723
72 0.662051264583
72 0.756533681797
72 0.660624296011
72 0.660121812813
72 0.586872061052
72 0.920655467102
72 0.784840368127
72 0.653367980547
72 0.756802901017
72 0.811112404932
72 0.557502519813
73 0.827865611458
73 0.607343954181
73 0.727862224529
73 0.633945555759
73 0.748336680011
73 0.556479401512
73 0.814874761954
73 0.787591856168
73 0.77423499206
73 0.624731303779
73 0.673834319927
73 0.694502550717
73 0.709813638412
73 0.49934369806
73 0.796762779639
73 0.761439202282
73 0.833306516423
73 0.533897199291
73 0.685004879604
73 0.730425848725
74 0.691016832018
74 0.696523582458
74 0.629114280383
74 0.731979758033
74 0.805586688068
74 0.726678870121
74 0.667432731058
74 0.712563758697
74 0.906413713524
74 0.688167664896
74 0.70906497828
74 0.72200993099
74 0.95900150188
74 0.654972195054
74 0.578613408732
74 0.616628516298
74 0.797722299133
74 0.696037150093
74 0.59738227929
74 0.603378257783
75 0.707084018624
75 0.755018680014
75 0.627501020952
75 0.687611546678
75 0.676808092643
75 0.882853341527
75 0.719747968324
75 0.835503344897
75 0.480374552493
75 0.822229419974
75 0.611592689986
75 0.864998624921
75 0.744272168239
75 0.81452572709
75 0.647105152417
75 0.705811074613
75 0.78031460827
75 0.868925356578
75 0.796871624583
75 0.695134652005
76 0.722167077595
76 0.715616758172
76 0.792752825553
76 0.546090027766
76 0.555003761894
76 0.624825825528
76 0.665160702325
76 0.655005354463
76 0.823132855522
76 0.842483384111
76 0.670956975607
76 0.686524859038
76 0.61420840297
76 0.753182310829
76 0.719690641464
76 0.844205361567
76 0.706840124455
76 0.78754180153
76 0.618902248832
76 0.857529500392
77 0.702692736372
77 0.730135009644
77 0.916352083111
77 0.814837118195
77 0.926304936295
77 0.686184775608
77 0.67406079299
77 0.539497549045
77 0.707442662744
77 0.643454620192
77 0.749038563306
77 0.695132898337
77 0.764268254007
77 0.714755714194
77 0.685723069571
77 0.699203967665
77 0.639184201732
77 0.683819260163
77 0.758806399942
77 0.810661603682
78 0.506510731258
78 0.650772747051
78 0.720870795516
78 0.696883244161
78 0.482651322919
78 0.63556974095
78 0.795359555726
78 0.639540521225
78 0.744173825852
78 0.655576294819
78 0.495453187094
78 0.764981807048
78 0.659711435767
78 0.627311876959
78 0.762970444066
78 0.823564149128
78 0.700402398552
78 0.920047649721
78 0.68667347329
78 0.845904352547
79 0.714279916989
79 0.776679115082
79 0.810024667706
79 0.617199751281
79 0.825329731193
79 0.746310966551
79 0.58060563985
79 0.650197988945
79 0.75232321946
79 0.699077345609
79 0.840194566301
79 0.685511808821
79 0.754765798302
79 0.655958143589
79 0.75507476932
79 0.74265698299
79 0.749426247701
79 0.684561106942
79 0.906685456267
79 0.845798536871
80 0.502063600933
80 0.628596242197
80 0.707907088783
80 0.788828006112
80 0.573195342907
80 0.492564083173
80 0.825321345582
80 0.796836883488
80 0.746720046722
80 0.718999219373
80 0.789973672498
80 0.694559118553
80 0.533125434085
80 0.627064601463
80 0.66165557048
80 0.693329584503
80 0.598222633327
80 0.502073526156
80 0.77202245793
80 0.613677979744
81 0.801845651766
81 0.391485370798
81 0.736931796755
81 0.70860036114
81 0.604864222594
81 0.693400683102
81 0.691868806499
81 0.856989626343
81 0.669944096264
81 0.742000163398
81 0.716817596635
81 0.727577540681
81 0.700161995472
81 0.690725828601
81 0.838329203374
81 0.5738374825
81 0.649777262673
81 0.609662669357
81 0.543309791577
81 0.658768417427
82 0.682036800376
82 0.649148367384
82 0.713048882192
82 0.749003931194
82 0.558281896925
82 0.55930232898
82 0.892682223051
82 0.736185746447
82 0.712376733318
82 0.735661495228
82 0.742813552925
82 0.676020103762
82 0.670587565028
82 0.662067180668
82 0.611641025799
82 0.716853884883
82 0.642878434578
82 0.779347874187
82 0.78705093623
82 0.775918708171
83 0.736897891419
83 0.759076475888
83 0.683877419378
83 0.616574598533
83 0.563688303628
83 0.634201556002
83 0.734793486336
83 0.653053372714
83 0.610080384683
83 0.592955631791
83 0.740860167815
83 0.647050840823
83 0.719314099663
83 0.723931411798
83 0.833752468109
83 0.681642527028
83 0.684977177835
83 0.568811827425
83 0.720155363399
83 0.725873603258
84 0.743981492575
84 0.813313644315
84 0.635218941566
84 0.725360258747
84 0.643124145253
84 0.885200706463
84 0.671703795173
84 0.726087786928
84 0.598306465305
84 0.489805903456
84 0.569099693942
84 0.755980528476
84 0.694282207585
84 0.808863819272
84 0.799175706802
84 0.64060154569
84 0.920740965617
84 0.566689433596
84 0.623644364042
84 0.691274049264
85 0.580619449154
85 0.737748955007
85 0.480927649441
85 0.705685193229
85 0.668300624694
85 0.633180524575
85 0.605607792696
85 0.762966225472
85 0.81761048576
85 0.581412649912
85 0.694330572696
85 0.70015003526
85 0.694873926299
85 0.550113108067
85 0.594572294176
85 0.888810213497
85 0.646692134813
85 0.711174820696
85 0.800787787852
85 0.748656742268
86 0.667413622841
86 0.760070826957
86 0.683239455407
86 0.539322460431
86 0.649625556984
86 0.673671576663
86 0.686152725648
86 0.690798154171
86 0.786146750039
86 0.772376361901
86 0.646567716085
86 0.658612631831
86 0.863525822621
86 0.604875814569
86 0.671053196463
86 0.763144074486
86 0.640178248974
86 0.699630143315
86 0.815673752404
86 0.629783538572
87 0.794884201412
87 0.810500926152
87 0.514985050723
87 0.88304009952
87 0.691497002815
87 0.771147862504
87 0.69872747848
87 0.776824992542
87 0.743878936551
87 0.70753632615
87 0.729453479695
87 0.668475508648
87 0.755416353153
87 0.633866502543
87 0.739473410534
87 0.84896542534
87 0.620368410074
87 0.529665322327
87 0.77124783006
87 0.588620500631
88 0.832304810776
88 0.595358103835
88 0.755358747981
88 0.744152258969
88 0.600102403679
88 0.601854205611
88 0.71558722161
88 0.639373911967
88 0.747157762887
88 0.645022299924
88 0.714718926149
88 0.618885837043
88 0.679393208124
88 0.76595357113
88 0.648705028847
88 0.612716409178
88 0.565435584897
88 0.65335683003
88 0.703097772025
88 0.664520810851
89 0.749440630296
89 0.63891329705
89 0.560809636431
89 0.768554745022
89 0.697965624469
89 0.720449720358
89 0.63720571145
89 0.979368443937
89 0.460555237875
89 0.569119310475
89 0.672007768746
89 0.701079192936
89 0.63944500915
89 0.780265502
89 0.684285140545
89 0.584493829463
89 0.866907965023
89 0.745119546774
89 0.803443963427
89 0.834335770479
90 0.74320475911
90 0.761987518033
90 0.834147876907
90 0.611653568795
90 0.710922259807
90 0.669881379262
90 0.787914922246
90 0.711028621793
90 0.734370272436
90 0.76024723545
90 0.697465623177
90 0.681179501956
90 0.486364483393
90 0.6612917662
90 0.633860269474
90 0.634936846021
90 0.548040468996
90 0.696783299843
90 0.565890976897
90 0.677589189153
91 0.558669913757
91 0.449299684016
91 0.93015312018
91 0.64814928943
91 0.721590266577
91 0.722740207309
91 0.834657259042
91 0.783535647185
91 0.712504584452
91 0.761643721038
91 0.709010766273
91 0.663954129636
91 0.670833773038
91 0.687350965872
91 0.613089957965
91 0.625598514735
91 0.794389459581
91 0.759240394722
91 0.68840917561
91 0.724452934551
92 0.592273027566
92 0.905773103461
92 0.509510965529
92 0.652817140864
92 0.509972636342
92 0.548036648464
92 0.706200156242
92 0.645327446491
92 0.751428600627
92 0.770967076946
92 0.7219795834
92 0.645409723684
92 0.672120429073
92 0.805435548955
92 1.06222629504
92 0.650632748239
92 0.733936951141
92 0.776367727541
92 0.626619746598
92 0.629639480232
93 0.660514862261
93 0.683403661316
93 0.815599683698
93 0.655336595794
93 0.586007494086
93 0.723353541037
93 0.689794615899
93 0.712158413916
93 0.778467276622
93 0.705247452149
93 0.734599931881
93 0.390670339939
93 0.680537663122
93 0.796117404582
93 0.702467344783
93 0.789766227309
93 0.632742763901
93 0.651841522139
93 0.579218089351
93 0.725206327271
94 0.820669681714
94 0.78677137808
94 0.686038341896
94 0.653233593138
94 0.878389532847
94 0.714698589261
94 0.715034520045
94 0.846691135409
94 0.790951534413
94 0.53920000909
94 0.745005075343
94 0.702976145248
94 0.696798858941
94 0.753845139156
94 0.646486539721
94 0.75835176818
94 0.573435160836
94 0.760826029581
94 0.812123442121
94 0.724797073364
95 0.618406164933
95 0.676930954064
95 0.600258886059
95 0.619958591116
95 0.594852988965
95 0.738896299776
95 0.683349180495
95 0.651011731098
95 0.66786141899
95 0.748484062858
95 0.693459209591
95 0.825124664693
95 0.668911752467
95 0.615917174853
95 0.807069457823
95 0.698141992737
95 0.686414765851
95 0.791939805716
95 0.840325188596
95 0.638223421286
96 0.782649642985
96 0.802380978568
96 0.746540723237
96 0.619756578955
96 0.705140019136
96 0.820506036405
96 0.678114570946
96 0.73911143328
96 0.925358110372
96 0.739001944226
96 0.707669057963
96 0.733231800606
96 0.76926341605
96 0.804248494577
96 0.664551023889
96 0.907498068846
96 0.676417240067
96 0.564257148666
96 0.678646921005
96 0.576979499715
97 0.802443789558
97 0.539096503775
97 0.634392195363
97 0.67489306354
97 0.635637872374
97 0.646001645101
97 0.648649624695
97 0.664385441382
97 0.929785601193
97 0.739130029111
97 0.688083780245
97 0.443838316177
97 0.733280251646
97 0.553657728671
97 0.738530124913
97 0.710302641064
97 0.711699479664
97 0.508855938269
97 0.532751703324
97 0.708861045346
98 0.771193186235
98 0.833767586092
98 0.83113437435
98 0.605895696841
98 0.710596507227
98 0.547771056915
98 0.791890006971
98 0.644265203944
98 0.604751906615
98 0.624496550832
98 0.718806614669
98 0.599220278493
98 0.611144494154
98 0.685468053106
98 0.575800197938
98 0.717549143108
98 0.788848693631
98 0.691487046019
98 0.612045599021
98 0.774291392521
99 0.643393543583
99 0.70584342732
99 0.831495286248
99 0.863246883966
99 0.653308328023
99 0.677819441949
99 0.461441120709
99 0.743045668432
99 0.670863138553
99 0.508432106068
99 0.830361715568
99 0.629707197985
99 0.662192424724
99 0.829774774901
99 0.674419907851
99 0.825849127833
99 0.643751055939
99 0.634675097833
99 0.570243839437
99 0.772547191922
100 0.834693046763
100 0.825623809093
100 0.666871264987
100 0.72000185575
100 0.601732614173
100 0.675130046172
100 0.557023509808
100 0.830220602348
100 0.668359998385
100 0.534666012586
100 0.584579566488
100 0.623858727761
100 0.483332759202
100 0.610383617326
100 0.626699561509
100 0.496969630353
100 0.728756630929
100 0.704049681611
100 0.692847370211
100 0.651667806175
